# Accuracy
Loss 0.941 accuracy 64.33
              precision    recall  f1-score   support

           0     0.5287    0.3194    0.3983     144.0
           1     0.8832    0.7714    0.8235     245.0
           2     0.6028    0.5573    0.5792     384.0
           3     0.6966    0.5941    0.6413     170.0
           4     0.6482    0.7826    0.7091     299.0
           5     0.5640    0.6824    0.6176     381.0

   micro avg     0.6433    0.6433    0.6433    1623.0
   macro avg     0.6539    0.6179    0.6281    1623.0
   weighted avg     0.6476    0.6433    0.6395    1623.0

[[ 46.   1.  14.   0.  83.   0.]
 [  2. 189.  10.   3.   1.  40.]
 [  9.  17. 214.  11.  35.  98.]
 [  0.   1.   7. 101.   0.  61.]
 [ 30.   2.  31.   0. 234.   2.]
 [  0.   4.  79.  30.   8. 260.]]

 