# 准确率 0.69%
Loss 1.058 F1-score 58.16
              precision    recall  f1-score   support

           0     0.4776    0.2222    0.3033     144.0
           1     0.7910    0.6490    0.7130     245.0
           2     0.4763    0.6276    0.5416     384.0
           3     0.6779    0.5941    0.6332     170.0
           4     0.6926    0.5351    0.6038     299.0
           5     0.5458    0.6719    0.6024     381.0

    accuracy                         0.5847    1623.0
   macro avg     0.6102    0.5500    0.5662    1623.0
weighted avg     0.6012    0.5847    0.5816    1623.0

[[ 32.   8.  44.   0.  52.   8.]
 [  1. 159.  38.   3.   0.  44.]
 [  5.  17. 241.  11.  14.  96.]
 [  0.   1.  10. 101.   0.  58.]
 [ 29.  10.  93.   0. 160.   7.]
 [  0.   6.  80.  34.   5. 256.]]